     14197.92   13141.32   18868.16   20907.06   14302.43    7194.71    5568.68    4834.28    4246.99    4022.38    5894.93    6300.53
     11178.01   13553.28    9751.35    6164.39    4290.61    3860.78    3508.80    2985.83    2676.50    2771.30    5540.43   10266.31
     14901.43   16817.84   10253.56    8549.15    5965.00    4064.47    3776.19    3280.50    2762.29    3241.72    5509.73    9927.11
     17809.40   13986.30    8219.55    5169.95    5407.13    3647.78    3080.93    2784.61    3034.72    3007.38    2928.68    4815.85
     12780.99   16782.47   17152.86   13491.13   12460.15    6125.57    4762.44    3771.58    3175.27    3133.86    3660.62    6920.29
      8414.45    8016.97   12096.71    8872.76    6583.65    4041.88    3351.25    2869.19    2586.83    2911.20    4472.39    7898.85
     13381.26   16583.15   13561.57    9772.21    7272.51    4475.32    3749.43    3146.36    2738.00    2703.10    6572.79   13861.69
     17906.34   13375.08   11665.51    7307.98    5090.99    4238.48    3494.17    3065.79    2866.64    2707.02    4040.56    8843.28
     15045.90   17052.28   15616.24    6481.57    4796.11    3798.12    3287.75    3114.51    2870.36    3725.77    3171.58    5030.35
      9337.98   14411.35   19937.51   14497.13    6253.48    4474.24    3586.13    3214.73    2634.03    2832.69    5806.64   12242.91
     14281.07   14095.14   14614.09   14617.01    9251.85    5115.25    4279.77    3875.16    3094.21    3309.70    4941.77    7126.91
     13881.63   14074.73   15253.92   10893.39    7058.06    4692.20    3932.19    3431.70    3122.48    4005.43    6658.76   16783.45
     18890.25   26628.66   25095.94   16162.80    9018.50    6372.93    5358.31    4559.51    3926.24    4047.61    6561.36   16577.86
     18790.01   15109.07   15004.35   11697.36    7839.37    5279.59    4458.56    3893.27    3361.54    2968.73    5055.33   12074.06
     18554.26   20890.90   23900.33   22988.48   26031.74   13222.98    8012.49    6455.15    5249.42    5706.81    9625.61   17287.70
     21034.02   30765.40   13984.07   16332.82   11290.29    7532.48    6102.66    5276.61    4502.35    4579.02    6194.49   11341.44
     11030.40   14758.34   17976.31   23046.74   14118.16    7209.19    5838.46    4927.21    4729.84    4421.14    9527.68   13878.29
     18319.04   13803.50   16551.15   12606.02    6810.27    5610.47    4938.02    4185.28    3673.20    3808.26    4409.34   15972.88
     22713.05   27767.21   37313.48   23030.49   10788.82    7941.24    6525.11    5505.09    4719.91    4383.62    8684.98    9550.47
     13729.08   13440.69   10742.93   11685.06    8265.46    5285.96    4566.46    3972.89    3292.51    3755.47    6116.45   12191.13
     12866.54   12129.29   14066.05   14438.45    8142.97    5634.59    4510.22    3847.19    3328.54    3056.38    2881.70    4533.95
      9706.42   13390.82   17577.27   20615.50   10667.36    5957.60    4836.61    3975.48    3511.59    3456.88    4872.86   11045.45
     11717.33    5352.75    7775.26   11177.15    6163.84    3979.61    3359.13    2941.34    2620.20    3206.67    4496.12    9454.21
     13983.85    8228.62    9145.27    7826.06    4421.37    3734.98    2976.08    2653.29    2194.52    1975.81    2900.73   10382.73
      7939.80   12181.37    6743.11    7692.21    4681.48    3226.62    2763.85    2411.04    2070.48    1992.44    5978.13   10106.48
     15768.12    7726.20   13170.64    8767.86    5180.07    4952.87    4143.87    3231.92    2746.39    2500.04    4296.31   11676.96
     18051.83   21096.37   23166.19   24803.80   18854.62    8840.70    6293.86    5055.75    4191.66    4554.71    4238.97   12274.09
     11767.97   15433.16   11059.33    9568.29    7528.00    5155.46    4329.40    4329.85    3377.07    4414.82    5853.84    5030.42
     11040.74   11346.52   10151.89    8781.01    4209.15    3434.25    3113.77    2767.94    2487.29    2528.70    4825.21    7852.58
     10547.06   17346.92   27020.00   21454.92    8015.21    5585.21    4344.45    3657.41    3044.62    2717.87    3304.66   11774.65
     16780.89   22523.71   19082.79   11037.67    6980.53    5293.85    4287.66    3597.15    3021.49    2623.73    3140.83    4512.15
     10264.16   15797.96   13195.45   10131.45    6053.51    4454.60    3766.41    3110.80    2504.21    3252.55    5569.34    8754.43
     16140.87   19353.12   11213.47    5199.32    4346.05    3350.22    2958.82    2690.50    2381.00    2131.70    2696.47    4071.57
     12623.55   24163.30   17389.94    8872.37    5267.25    3645.78    3125.22    2884.53    2296.76    2674.21    7930.52   12580.75
     15283.25   14699.91   15877.40   17976.27    9112.44    5646.78    4549.52    3894.99    3219.52    3983.92    7741.15   12049.71
     12350.94   17903.28   19433.72   14388.61    7965.86    5775.30    4671.04    4101.17    3532.86    3513.00    5387.73    7728.39
     14820.75   13724.28   12958.71   13125.73    8224.61    4648.55    3950.18    3416.44    2937.95    2700.59    4643.55   12314.97
     16104.87   14634.24   20574.90   16152.74    7381.65    5008.09    4337.63    3920.39    3736.56    3765.70    5646.16   13000.01
      9896.37   12430.13   13381.93    8033.77    5197.13    3910.52    3421.93    3032.68    2569.44    2656.88    6673.52   15211.02
     18490.35   18757.18   15104.96    7995.90    6108.80    4405.14    3909.50    3404.57    3180.00    4659.60    8654.01    8833.44
      5284.61    4484.49    5318.28    5191.33    3837.23    2820.18    2634.94    2273.88    2270.41    3248.12    7610.94   18126.34
     15692.06    8467.49    9981.60    8886.68    5882.57    3841.56    3362.72    3176.83    2617.07    3880.64    5699.26   12026.98
     13538.56   11170.34   10960.61   13742.55    6644.67    4443.24    3781.43    3070.96    2523.46    3858.70    9408.05   13127.50
     13725.03   10802.73   12710.44   18238.22   10286.40    5429.41    4210.32    3716.27    3277.82    3255.51    5686.74    7525.51
     12663.39   12206.00    8443.68    7471.60    6349.37    3799.47    3806.06    2984.29    2464.74    2873.71    6878.05    8376.39
      6173.41    6029.15    6370.38    5459.71    3163.83    3065.83    2453.09    2284.43    2678.37    4508.05    6511.42   13706.58
     15205.05   18121.73    7060.26    6806.18    6101.53    4119.78    3527.56    2867.26    2707.12    3588.79    4186.37    8422.81
     16929.03   16556.60   20546.12   12569.09    8523.58    6836.10    4679.78    4473.10    3616.72    4452.56    6167.97   11209.46
     18678.97   29219.22   46262.92   23469.04   11405.72    8309.85    6767.22    5886.31    5847.22    6022.54    9575.54    9915.92
     18671.44   30847.97   32700.23   13982.17   10928.61    7143.12    6598.46    5624.15    4999.77    5323.94    6753.76   13810.61
     17469.61   15451.40   14692.47   18992.29    8929.15    6246.03    5082.89    4539.44    4200.45    5387.39   12745.20   18113.96
     21318.96   23348.05   22243.47   20869.64   12372.97    8065.29    6341.35    5355.83    4896.02    5022.55    5053.95    5511.88
     14543.71   22731.96   28112.00   21226.05   13946.05    8057.68    6278.56    5693.20    4480.71    5852.20   11185.57   17552.92
     19167.20    9654.17    8413.53   12400.48    6292.89    4345.75    3838.46    3450.95    4158.34    4391.82    5447.14   11232.16
     18727.11   24751.78   21982.73   21964.88    9880.45    6120.60    4883.11    4384.81    4199.61    5410.43    6864.40   11319.74
     18701.35   22655.11   15490.77    7591.45    5621.82    4204.63    3896.79    3833.93    3625.11    3208.51    3642.14    5639.74
      9597.71    7961.82    8143.97    9085.38    5538.73    3671.60    3363.32    2696.48    2638.86    2980.45    4388.39   10624.92
     16141.48   10810.32   13556.47   10338.02    6424.50    3853.07    3275.65    3278.26    3138.81    3224.71    5094.67    8106.25
     11194.53    7802.91    9400.65    5938.67    4155.05    3230.06    3180.66    2959.19    2769.97    3006.91    5409.98   19767.27
     27718.26   12507.83    9637.85    6593.87    4206.68    3309.55    3428.05    3143.73    3174.11    3499.01    4321.81    5000.59
     10333.80   15682.56   14325.14   15610.00    7748.72    4717.08    3784.02    3446.41    3219.83    4095.58    6132.24    9608.54
     15360.38   30395.92   39118.91   13241.93    8630.76    5688.06    4593.66    4208.98    4248.15    5665.23   12735.76   16383.26
     17791.03   13783.11   12490.75    7934.69    5699.99    4354.95    3801.95    3655.17    3259.57    3809.56    3972.89    5889.83
     15124.15   14573.19   14984.24   15299.40    6863.07    4927.82    4191.88    3422.79    3417.65    2708.82    3141.04    9214.14
      8994.76    8998.38    9318.35    8440.16    5572.13    4257.88    3320.34    2932.50    2341.77    2784.66    5174.15    9741.82
     13819.09    7085.28    6506.50    5741.49    4020.70    3150.63    2642.28    2092.07    2042.54    2472.91    5138.87   10202.42
     17776.11   14936.57   13840.43   13652.02    7927.49    5288.90    4066.10    3662.01    3223.68    3342.61    3895.44    9324.36
     10462.94    9880.57    9543.10    4839.77    3622.86    2875.56    2507.24    2305.89    2054.89    2110.27    5882.66    9764.51
      9335.13    5666.88   11759.01    7633.72    3923.53    2787.98    2384.22    2086.46    2337.75    1877.24    4841.44   10247.89
     13184.64   15123.97   13560.21   11075.67    5525.52    3708.28    2925.40    3001.40    2777.93    2466.58    5360.20   11476.09
     10315.18    5355.59    5354.63    4025.04    2635.64    2553.31    2069.23    1921.05    2031.75    2321.99    3617.01    6494.13
     16450.03   14610.11   10667.73    6907.44    3316.35    2686.92    2555.21    2006.76    1599.93    2082.04    2840.29    5378.87
     12307.33   13179.53    8016.26    7898.09    4147.09    3009.13    2643.29    2261.61    2062.81    1523.22    2508.26    4817.45
      9785.13   14878.20   20163.88   15951.74    8506.09    4504.91    3900.48    3026.65    2641.40    2597.27    3196.38    5399.83
     11839.67   14910.13   14565.72   12386.57    6691.72    4404.26    3544.33    2943.84    2880.68    2730.28    4083.07   13041.41

