      9515.23   11811.80   18277.92   19064.22    8383.20    4752.27    3281.15    2355.12    1823.75    1824.27    3579.13    4646.96
      7688.10   11305.10   11897.54    8786.86    5452.26    3681.83    2397.17    1489.85    1228.42    1544.51    2957.34    5241.86
      8034.40   11286.06   11279.04   11560.54    7745.90    3937.38    2389.81    1657.24    1180.67    1156.56    3023.32    5704.17
      9687.16    9108.11   11013.53   10287.57    7840.98    3875.98    2346.79    1607.37     825.21    1282.59    1495.82    4168.80
     10237.89   14506.36   14649.25   18629.11   12552.68    6706.15    3676.04    2798.72    2098.94    2090.71    3105.78    6316.54
      8243.06   10765.11   15488.58   13583.38    9635.90    4632.21    2877.72    2039.10    1411.15    1539.74    2393.86    4301.03
      6748.84    9234.93    9911.54   11279.05    8022.99    3951.75    2464.85    1598.49     805.44    1106.02    3019.54    6854.73
     10180.54   10165.43   11419.78   11092.25    6916.87    3651.17    2313.72    1599.99    1088.65    1119.34    1950.22    4350.08
      7552.85   10924.97    8864.50    9279.38    6053.95    3290.16    2340.24    1727.28    1179.12    1900.49    3019.78    4345.22
      8235.78   15164.40   20241.39   17192.62    8780.85    4992.65    3364.72    2544.64    1953.25    2174.34    3820.65    6910.49
      9785.03   10319.25   11384.47   12743.61    7415.38    3763.57    2434.78    1873.22    1233.69    1634.51    4006.26    6479.35
      9790.21   13740.54   19257.47   13544.99    8783.34    4887.35    3075.42    2212.35    1596.77    3110.48    4315.54    9958.53
     19650.27   24280.68   19601.03   18266.15   11622.37    5637.61    3903.16    3007.42    1898.46    2591.38    4603.51    9506.00
     10753.52   11426.20   12394.77   11699.22    6712.92    3731.59    2491.50    1740.09    1211.07     833.40    2624.51    5747.11
     14607.35   17944.02   16051.20   17014.66   12650.75    7921.83    4019.26    2803.74    2140.30    2881.96    5667.39    9240.27
     12649.44   11763.22   10791.88   11108.22    6984.85    4669.44    2845.82    1876.84    1316.23    1108.07    1658.57    3053.38
      5598.76    9629.53   12756.71   17649.05    9102.48    4222.95    2718.80    2145.86    1901.51    1705.17    4256.51    5864.28
      9168.08    9211.72   11718.85   12460.63    6709.57    3473.23    2326.49    1618.64    1207.16    1253.90    1600.05    8541.06
     12441.50   14049.36   13877.87   11422.05    7332.81    3926.46    2133.60    1435.15     963.43     862.86    2088.46    3318.66
      4067.30    5120.84    7941.26    9214.92    7310.80    3179.09    1907.20    1444.33    1113.24    1310.85    1972.54    3558.84
      5912.36    7762.44    7210.18    9498.62    6560.96    3580.49    1946.48    1249.66     892.06     817.03     948.52    2155.38
      5065.11    4262.85    9290.91    9731.98    7303.48    3166.08    1766.28    1150.07     894.76     860.74    1191.16    3413.02
      5892.93    3966.26    5692.56    7549.18    5030.90    2186.14    1300.34     932.42     781.49    1304.10    2013.64    3641.16
      7418.77    8398.07    8999.59    9323.35    6638.36    3644.25    2123.49    1213.01     815.15     708.56    1113.16    4535.29
      4584.47    7836.91    7115.02    7446.48    5446.54    2800.70    1704.84    1174.26     932.08     847.89    1750.50    3287.56
      6686.98    5573.91    9793.32    8635.58    6587.88    3767.28    2308.34    1703.01    1405.00    1293.95    4233.17   10201.71
     17450.81   16612.42   22109.60   27151.76   14470.76    7836.39    4273.83    3068.75    2412.11    2486.91    2014.34    4364.55
      7702.67   11738.82   12047.18   14066.85   10495.21    5454.76    2665.49    1925.06    1377.85    1563.15    2185.77    2787.40
      9759.12   15171.25   14674.99   13564.52    8162.68    4300.78    2726.66    1786.29    1267.90    1261.87    1931.33    3177.67
      5660.24   12093.76   15735.63   14834.20    8582.14    4745.76    2655.30    1620.72    1207.04    1141.33    1877.59    4508.97
      8425.22   12859.49   13784.98   10901.47    6497.78    3384.70    1930.95    1415.46    1077.67     897.30    1127.87    1747.36
      3697.69    7222.07    9151.81    9108.93    5465.38    2340.58    1454.55    1112.06     994.97    1076.72    1591.97    3067.47
      8369.07   10075.18   10530.52    7442.14    5980.14    3015.74    2083.69    1577.51    1180.75     989.73    1247.39    1531.92
      7762.83   14955.50   14485.54   12008.22    7701.34    3700.33    2102.78    1460.81    1089.50    1696.85    2747.24    5061.82
      6042.04    8551.34   11387.69   15027.16   10792.96    4685.93    2400.77    1671.55    1355.07    1526.97    2461.45    4971.74
      6961.70   11877.04   13474.33   12274.69    7281.50    3859.05    2185.70    1531.04    1241.11    1374.64    1981.28    3109.91
      5587.33    7148.53   10498.20   11944.67    8190.10    3754.04    2029.78    1404.40    1130.21    1140.31    1860.44    3281.12
      6091.68    7849.13   17462.90   14165.52    8737.07    3989.78    2168.72    1504.19    1275.65    1271.81    1836.95    7980.62
      7250.07    9761.47   11954.37   10449.17    5721.70    2798.25    1779.56    1253.10    1082.68    1118.86    1646.32    3690.55
      7760.84   11853.79   15523.84   11917.67    7859.69    3103.05    1834.30    1333.69    1131.39    1392.19    2864.88    2751.47
      2894.72    4242.03    5925.79    8835.65    5962.91    2625.46    1580.68    1199.10    1047.38    1231.19    2595.71    4931.28
      5693.93    7766.08   10655.52   10277.83    5357.72    2500.59    1565.94    1256.88    1110.42    1165.63    1593.00    3048.37
      7167.55    6868.93   10626.78   13710.25    8710.59    3695.90    2214.97    1657.89    1210.61    1636.50    3162.50    5939.40
      7165.99   11422.03   16196.90   19250.47   17402.30    7702.22    3371.33    2158.95    1803.86    1834.25    2605.90    4080.92
      6309.51   11350.20   11423.22   13546.34   11320.92    4637.55    2670.42    1797.54    1393.41    1387.45    2180.64    3241.05
      4509.79    7149.35    9307.46    9389.95    5879.36    3164.01    1870.98    1357.91    1176.29    1741.03    2646.55    5383.87
      7775.20   15561.53   13880.69   12544.91   12022.02    5386.41    2755.81    1783.56    1406.76    1783.39    2349.23    4065.70
     12966.94   13554.93   21228.40   16742.31   12386.03    5944.89    3065.38    2177.25    1669.52    1716.58    2060.94    3760.82
     10185.25   21317.99   20629.93   16228.09    9648.32    4186.04    2536.73    1912.62    1936.74    2046.70    2941.47    3497.29
      8950.05   19998.86   28289.06   19851.78    9825.79    4578.14    2851.64    2146.70    1835.94    1916.21    2554.88    6150.50
     12304.27   13719.78   11781.19   15183.92    8688.76    4142.37    2536.87    1895.06    1598.00    1630.58    3557.50    6321.54
     11807.36   18323.45   17186.11   15967.14   10146.22    4973.82    2786.01    1990.54    1758.71    1993.27    2164.31    2371.46
      5008.24   15549.89   13622.26   14648.07    7203.47    3415.59    2140.58    1669.66    1426.33    1558.06    2347.10    5030.48
      7053.41    7507.52    8741.19   13119.11    9143.64    3495.35    1992.59    1495.27    1437.23    1398.06    1955.53    2643.54
      7478.71   16776.73   16305.14   19259.39   13661.74    5400.15    2660.51    1759.38    1375.06    1944.66    3297.90    6714.46
     16199.29   14957.42   16420.21   14302.20    9125.97    4115.29    2330.42    1665.79    1496.46    2113.45    2566.04    3155.05
      4883.68    5642.34   10550.50   11304.88    5610.89    2592.83    1606.81    1320.47    1137.12    1266.89    1813.71    4567.71
      7799.32    9007.76   13837.01   14656.71    9926.92    4027.05    2213.56    1605.63    1322.43    1387.58    2466.09    5885.20
      8012.37    8892.70   11738.01   14369.83   10800.96    4280.78    2501.14    1828.89    1560.38    1606.13    3207.17   10280.77
     19033.97   12841.39   15544.62   12171.72    6771.43    3339.85    2213.09    1557.26    1557.40    1667.81    1995.71    2832.48
      6559.45    9364.80   11423.19   15247.66   11633.60    4956.19    2316.72    1693.51    1397.85    1460.65    2005.98    3633.16
      5832.78   17909.90   13372.42   12826.12    7720.01    3417.17    1958.44    1496.44    1483.51    1580.39    2706.43    6678.04
      8685.16    9726.40   11326.19    9707.14    5973.79    2638.32    1718.64    1340.12    1269.39    1471.53    1911.59    3322.40
      8887.08   12155.92   16865.14   15438.15    8323.62    3937.10    2445.30    1674.00    1378.20    1395.82    1613.84    4172.77
      8009.77   12369.56   12766.52   14811.68   13031.73    6527.80    2764.84    1880.14    1349.14    1392.67    2393.17    5358.75
      8619.27    7975.52    9896.54   11044.08    7814.51    3314.81    2056.14    1490.91    1133.06    1444.91    2460.92    3431.67
      8028.89   11297.55   16031.99   20894.32   14801.63    5944.63    3227.41    2083.19    1695.21    1659.49    1943.47    3494.84
      5775.28    7523.16   10318.94    7121.41    3989.83    2081.86    1570.83     985.96     993.94    1078.29    1999.31    4211.08
      6646.35    6607.83   10721.78    8768.52    6951.86    2775.98    1764.71    1216.63    1074.71    1206.51    2283.45    5894.81
     11975.00   13613.06   17261.97   14940.00    9926.90    3567.57    2292.87    1679.91    1433.12    1484.48    2580.06    6550.64
      7933.28    8390.52   10801.87   11497.36    5730.29    3131.16    1904.29    1354.87    1046.76    1364.25    2335.46    5501.03
     15518.98   15298.51   12727.93   12106.83    5942.32    2851.84    1626.30    1130.08     996.31    1137.12    1691.60    2440.55
      5696.97    9004.39   12131.06   13533.36    7549.52    3231.49    1787.31    1263.52     978.76     998.26    1948.33    2974.67
      6808.84   18978.11   20337.23   18463.04    9972.48    3870.20    2261.47    1595.52    1276.77    1331.35    1956.16    3236.33
      5489.75   10827.10   15584.43   13189.43    9159.75    3582.28    1953.59    1231.26     996.22    1065.53    1462.99    4931.99
