     54096.71   82494.52   83823.95   60388.72   40538.42   30626.22   24558.93   19661.85   21721.80   22574.50   24037.53   35911.29
     52845.03   58563.33   47628.26   33683.97   25337.86   24149.32   19169.36   16269.39   14590.67   21655.03   24047.33   46247.96
     60163.23   47296.94   37213.69   32051.09   22890.70   18065.13   16014.08   13599.67   13121.09   16146.91   17135.23   33081.65
     43113.03   34069.85   32416.51   24809.80   17524.25   13383.74   11321.16    9498.66   11202.56   12306.59   12622.98   31609.53
     50672.01   67043.65   56818.19   50566.24   32243.17   24752.24   18980.09   19084.52   17724.48   33914.77   25113.38   30057.21
     35262.55   27509.70   51032.26   34782.85   23250.88   16988.23   14192.18   13431.36   16573.81   13558.96   17471.46   32549.29
     60790.29   41019.10   37087.72   32781.39   25993.01   22133.13   15740.26   13447.75   11626.94   20931.52   33991.75   51296.41
     51095.08   42358.85   37529.41   28752.36   24144.26   19787.61   17841.66   15583.35   13813.24   17642.13   21241.21   38388.35
     54666.35   54286.64   31502.06   26756.08   23368.05   19108.27   15763.62   12787.53   11711.33   13211.97   23895.60   35463.92
     51394.90   71219.56   64356.97   35179.50   27386.54   19987.53   15829.66   13117.31   11641.51   13579.04   28232.17   32332.04
     45933.38   35838.14   32874.76   31397.76   17540.42   15687.11   15035.71   14531.95   16834.25   20624.26   25864.78   38914.54
     42646.16   48435.99   59309.84   42141.44   28217.08   28088.17   22197.60   15655.65   15863.34   17537.20   24380.33   38952.98
     76319.19   69797.59   65473.80   39001.69   25095.55   22625.64   17746.20   14702.72   13984.55   22121.17   30217.09   36899.36
     32555.95   44478.55   48491.90   30127.83   20984.68   16194.51   13665.60   11317.99    9903.05   10919.30   20264.29   25364.07
     37685.82   67084.71   58190.83   57266.24   32447.05   24722.49   23831.52   15605.10   13414.93   16559.45   28285.09   55908.77
     76768.85   59362.51   66630.95   42775.66   28861.60   24941.79   25935.58   17381.02   14321.18   18904.24   21289.03   27226.67
     48643.86   57651.91   88965.69   54504.53   32615.26   24909.26   21757.37   19072.93   23274.12   23857.10   23248.55   42322.36
     50439.90   54313.07   56687.24   38220.00   23412.33   20951.76   16341.41   16311.35   13061.55   14962.05   21758.19   44433.36
     46539.31   67618.82   49398.05   33975.70   25306.93   20277.77   16181.67   13390.86   11644.73   14084.44   20024.90   32161.08
     39541.90   61655.08   53111.00   37369.41   25839.06   19559.46   16756.31   12939.05   11196.72   17200.74   28940.67   41252.16
     51980.47   63374.62   61720.48   43463.81   26456.78   21786.01   18053.02   15135.95   12782.30   14823.77   15519.78   24290.63
     31421.12   47101.91   73406.89   39197.38   23705.29   21610.94   16498.13   13360.73   13443.80   15633.70   23278.17   26919.33
     23583.08   24051.53   29788.39   32695.80   19764.52   16414.06   12948.00   11042.54   12163.29   17580.32   21431.59   31908.39
     27461.27   41703.85   27128.76   22815.37   29273.50   22388.77   14987.08   11268.70    9763.12   11106.81   15015.38   22857.56
     34277.09   25689.06   27007.34   26966.92   15649.65   17277.41   14583.94   10941.20   10864.26   11389.82   18084.08   33919.83
     35581.46   23563.26   35390.52   24538.15   28153.39   31035.38   20186.02   22986.93   15940.62   14056.21   21271.31   41700.11
     54737.93   58663.93   59668.71   53558.73   32076.28   24000.78   27210.26   24252.75   30876.91   21713.11   26677.96   39664.97
     37173.76   54342.20   45043.09   37638.00   30485.68   27719.76   21487.24   16225.66   19843.19   20489.20   23384.34   28372.21
     58610.69   47401.96   48815.20   36523.02   23479.41   19267.21   15480.71   14752.63   12104.28   14052.16   21576.62   25587.71
     46557.75   56224.60   60034.79   37908.52   28502.67   22889.81   19275.63   17088.37   13501.75   15760.01   25449.31   40066.44
     69446.90   73011.81   74703.49   47382.72   37973.80   26338.59   20364.73   16623.64   14831.01   14116.74   21694.95   25202.22
     42864.87   57254.83   56996.35   33864.04   25095.13   21716.09   16915.54   14782.32   15696.82   24262.93   25096.37   49707.95
     63536.57   55877.66   38771.48   26578.34   19430.68   16791.59   14317.37   12494.18   11074.31   12812.03   20243.20   15893.12
     35708.57   58096.54   34979.18   26034.91   20461.80   16029.03   14956.42   12861.42   10446.57   16751.51   23702.36   36580.51
     59854.82   74472.76   80090.22   49221.58   43445.67   29446.92   26864.68   20798.22   16555.02   29204.12   33178.96   51149.10
     69848.96   74969.46   69422.12   44667.42   33064.73   24758.14   20528.25   16937.03   16872.00   22269.21   33954.46   40448.75
     64237.55   68774.68   58450.53   39938.37   27206.13   25524.83   20508.97   16348.22   15446.34   14824.97   25821.37   39489.28
     50801.09   44425.42   49612.41   29062.42   21709.36   17668.62   14922.27   14549.86   13303.74   16346.81   19986.79   36371.97
     29475.48   35257.67   31107.02   21732.71   16358.39   17559.33   13381.34   10859.83    9073.21   18300.16   36984.00   36826.68
     52799.18   54616.36   55411.37   31554.13   23208.24   19545.33   18908.26   13765.42   18772.26   21036.69   23073.70   23799.11
     29493.56   19334.64   23747.21   20094.94   17355.64   18828.82   17301.06   12784.01   12206.17   18067.96   24186.60   43603.59
     39366.50   55999.38   50478.49   35366.60   22655.02   18878.16   21269.95   18763.85   18223.05   41126.54   41593.99   45482.39
     51845.24   51936.14   45276.50   46664.93   29694.09   24454.22   22455.68   17736.48   18319.14   25028.35   33444.50   41789.88
     59838.45   43348.63   59507.78   53185.18   32492.19   28265.65   22998.79   18027.92   16348.29   19289.23   20857.83   34532.41
     49141.68   45693.51   34065.17   32464.98   22034.31   17673.41   17496.76   14151.33   11767.22   22084.73   29996.31   42903.25
     39253.06   45579.85   46008.23   36117.41   27814.20   32028.33   25352.75   25265.25   28999.08   30013.76   39188.70   57202.47
     70214.11   68333.06   37594.73   42562.73   27890.83   24773.18   19276.70   15154.61   18273.69   18172.42   26991.52   48596.95
     66171.00   44629.00   51185.70   33341.03   26815.64   25829.39   23163.90   18012.67   19021.63   17836.96   29316.45   44225.49
     62443.03   84768.05   53206.39   37582.89   32685.34   24980.87   21622.08   20879.32   26786.25   24666.07   31776.91   41471.31
     72747.43   87618.77   59196.27   49822.23   33460.10   26972.10   25685.26   20307.77   21969.94   21088.42   26168.52   51707.52
     68897.22   45492.55   40439.70   37497.10   26129.58   24164.87   18623.97   16666.83   13756.16   25338.24   45548.75   61265.88
     79972.62   68378.44   80847.25   58953.31   37369.10   37845.31   37184.76   25913.61   21527.66   31838.93   37306.41   59062.75
     94706.93  113702.02   90407.79   71470.07   59163.47   79241.44   48169.81   32308.15   44616.74   49926.57   52387.65   69784.39
     61862.37   45310.98   37244.81   39910.15   33006.58   22843.65   19239.14   19771.55   21999.03   20354.73   21718.53   42308.18
     68938.79   67137.78   68018.69   49528.70   35053.03   26581.30   22336.04   18756.11   18087.79   17236.07   22811.60   30194.39
     50845.64   47065.61   44527.28   30714.88   29580.72   21645.66   18372.83   21628.41   16788.43   15293.40   16553.21   39791.65
     50813.50   56739.61   44670.23   38743.20   38277.75   33240.65   23321.54   17750.77   18224.56   20345.28   28165.36   46394.21
     44742.91   54550.52   59448.50   41286.08   33997.62   30910.34   20609.06   17160.11   14936.95   19732.35   24936.47   31773.01
     55713.15   58519.41   51634.75   34280.96   26745.55   22690.39   20614.37   24956.42   25842.91   19773.40   26438.10   59570.46
     77489.76   39267.41   40844.98   33068.15   28481.14   22264.33   23792.48   21560.92   25369.56   26026.00   23684.05   24217.00
     45521.67   62551.17   64341.09   65248.87   38061.98   28293.54   23900.77   19049.63   16580.32   25708.61   21937.52   33952.25
     57306.96   82014.34   52798.81   48023.77   48536.33   33349.97   25331.59   21706.83   27197.51   32924.79   44362.31   51696.64
     45660.38   65402.05   53283.16   44638.74   30877.94   30262.80   22396.41   20119.52   22638.64   28820.62   20523.08   33702.90
     61424.60   48981.29   57630.21   40954.99   30426.15   27557.58   23485.53   18291.99   14650.02   15498.32   22987.92   34630.31
     50461.90   80782.91   49893.26   45038.29   33051.01   23930.86   23024.13   16302.02   15046.24   25135.84   24169.73   32134.44
     52727.85   38979.90   51560.62   34473.51   25121.55   19996.60   17494.72   15419.93   20425.42   21376.10   34849.14   44015.13
     89322.28   70755.19   54378.89   42254.14   30895.09   38100.30   27266.29   20634.35   19738.50   24375.65   32637.87   49025.09
     41470.15   51545.96   53061.69   43716.68   33754.55   25793.64   20257.99   22112.12   22902.58   33105.81   27804.16   38095.52
     56420.48   48824.64   56648.24   32624.61   24891.68   23363.24   21663.72   15260.26   16201.51   13302.72   18882.07   29281.50
     52692.75   64347.90   58642.21   35927.98   23625.39   20474.58   19027.63   18316.75   29369.76   18177.69   27879.79   42922.05
     38519.29   38349.83   35729.76   26986.36   21631.83   19575.61   16685.37   14256.33   15102.04   21385.34   24898.15   38323.57
     60220.84   67346.74   46413.48   29735.20   27580.46   20095.79   17537.89   15918.85   16908.62   12798.47   21874.89   33649.49
     57269.47   59042.56   46088.41   40314.47   25582.68   21826.51   18739.48   14974.62   14461.50   15147.80   20651.94   32501.87
     44552.75   67425.82   59205.75   45459.97   35943.79   32362.48   26795.23   18628.63   14638.03   21168.77   25296.82   38681.97
     64512.29   56529.47   53630.66   35600.50   29852.30   27099.31   20657.38   16462.67   19149.04   22801.13   27931.20   54367.44