      6263.30    3254.03    3538.05    2733.25   15494.03   14262.77   12344.42    5905.04   13386.17    7992.54    4058.28    5456.06
      4843.58    6251.21    7266.48   17191.74   12017.48   11472.68    8784.11    6260.24   10218.13   10373.68    5228.64    6806.64
      2738.74    2932.52    2635.80    1644.78    1923.86    2035.84    2580.22    3718.44    4673.10    8534.96    3735.47    1991.63
      2708.44    6938.98    4856.70    7607.32    5597.11    5418.51    4447.03    4316.61    4766.60    6688.23    2656.19    4521.86
      2498.76    2153.29    3488.06    2192.53    1344.97    4071.58    8125.77   11578.65   14935.35   27770.12    8257.87    9067.56
      8669.04    3429.14    2432.26    1812.49    3616.73   20028.33    7368.15   13599.72   10424.22   12319.48    6761.29    4132.35
      4332.95    3915.09    6469.27    5524.53    3468.14    2505.46    4178.56    6268.33    6083.45   10593.58   10308.76    4902.67
      5414.68    9108.15    4113.75    5004.13   10362.40   14937.40   17153.23    5462.05    4785.82    4109.38    4375.31    2900.91
      2941.50    4094.57    6799.31    4970.37    8009.86    6982.23    5339.97    3648.11    6977.37    4603.82   11120.42   16762.89
      8091.24    5578.88    3177.05    6209.03    6816.54    4533.31    4806.52    6414.83    3794.51    5842.91    3297.88    5035.06
      5313.13    9582.01    5244.77    6214.71   13288.61    9378.84    6724.92   13798.78    7545.19    7367.94    9364.99    7210.67
      3661.90    8219.09    6220.84    8189.26    8542.75    7307.92    6988.23    6326.48    4911.59    6105.73    2435.67    1893.42
      1753.91    2866.99    2225.34    1407.59    2098.81    8212.57    5875.83   10319.91    8782.31    6536.14    4191.12    2364.37
      4537.25    2616.70    5465.84    2539.81    1271.86    2247.13    1915.29    1137.97    2065.23    1955.55    3767.39    2968.96
      1116.48    2369.34    3071.00    1447.40    1097.72    1702.66    5769.37    3271.29    3051.61    3537.73    2550.69    2773.26
      6911.45   16971.29   11698.25    4940.58    4829.87    7855.30   12978.04    5255.59    4587.70    8643.49    5402.16    7259.79
      5468.93    7452.14    5508.54    3016.71    3514.65    6947.98    5345.23    6646.75   13417.08   11381.78    4576.57    5984.57
      4142.79    6439.32    5576.46    5561.96    8621.52    5229.13    5879.73   12961.65    4505.88    5738.52    6662.82    2133.24
      2430.60    1318.83    2758.27    5260.65    3897.23    6506.80    3874.73    3746.86    6289.38    4951.37    2296.57    1814.36
      4786.21    4404.48    7028.08    3159.34    3986.86    3288.04    3428.11    5332.02    4221.34   14661.61    5757.91    4446.68
      5244.88    9666.79    9391.53    3089.08    1752.13    1794.46    2238.69    1048.34    1258.78   11181.42    8844.14    5400.33
      2905.07    2847.41    1910.22    1704.14     927.47    5803.25    6645.04    2708.06    8157.60   13281.28    8070.96    3588.04
      3931.61    4716.96    3204.23    3155.76    2653.79    4219.82    3285.82    2704.43   10594.10   13661.74   11789.05    5110.99
      8184.99    5075.12    6168.35    5074.59   13884.11   16017.40   16236.64    5014.62   15011.76   19564.05    5339.92    3600.60
      2825.79    2502.48    2917.96    6874.37   10099.82   16786.43   19810.14    8275.28    7620.28    4539.63    2572.06    2865.11
      5762.63    6174.01    2664.72    9306.67   10157.34    5705.10    4853.24    8339.90    8784.51    5097.54    2361.02    1808.91
      3386.98    6727.42    3600.78    3510.96    3363.23    5547.87   15972.39   28241.89   27464.41   11120.01    8025.71    4725.95
      3356.55    2482.51    6433.47    3048.15    1974.58    5932.57    3171.68    7308.21   12930.95    9535.32    8962.67    8638.43
      4543.84    6151.59    3675.48    5967.66    5950.82    6045.16    4086.05    5138.06    8354.95    5578.05    2489.47    2072.97
      1881.37    3279.75    2725.07    3153.06    2829.65    4862.96    3113.55   10553.66   11553.75    9343.32    9394.73    4233.23
      3867.71    3557.85   12652.47    7559.37    5519.09    6924.90    4879.38    2745.87   15663.47   16381.07   14363.04    6659.14
      3805.44    4729.78    5684.26    2967.47    3171.93    3181.51    3313.48    2422.46    6968.31    9327.33    4838.05    2509.44
      3502.86    8791.94    8053.29    5084.94    2517.25    1978.84    1720.05    4589.50    5728.99   16400.28   15527.43    7443.42
      2755.01    3813.20    2940.07    4959.61    5384.88    4748.06    5428.56    8790.38   10263.92    5813.00    3225.31    3148.25
      2676.31    3552.16    3454.25    2735.73   11513.28    4689.34   11484.18   15424.74   15312.86   14603.45    9068.25   12214.47
      8169.65   15617.34    9882.65    4107.00    2748.19    6670.25    7673.10    6446.40   12849.05   12376.87    9059.73    9430.56
      6064.58    7267.13    8684.86    4031.41    2129.74    4245.52    4907.47    7274.80   13018.36    5622.38    4340.91    5838.12
      3424.26    2776.41    1931.98    2350.34    1962.32    1640.09    2933.26    1456.45    2967.40    3054.22    6084.80    3909.91
      7154.79    6992.14    5529.85    9729.60    5708.55   11971.00    8131.22    3709.99    5244.45    6612.12    9421.79    4079.21
      4063.68    3548.05    3362.89    2574.96    5650.42   10849.88   13415.89    5156.74    5358.53    7930.42    3180.44    8282.26
     17283.15    8650.03    8859.77    9376.29   11652.22   14554.37   12578.99    9477.02    5299.75    5626.03    2281.91    2037.83
      3714.45    9002.94    7136.10    5706.25    2331.00    9534.26    9023.81   16871.75   23078.96   14839.81    8510.78    7938.85
      8398.56    8094.18    5317.50    4293.04    9764.16   11262.94   13872.09   15397.07   18395.19   11987.83    7516.68    4293.07
      6679.13    7198.25    7725.65    3658.43    3279.35    7420.99    6054.41    4369.72    6454.58    3183.90    4502.73    3945.86
      4840.28    4580.44    4151.35    2687.90    2194.43    4213.64    3576.40    8305.17   12878.54   16072.11    7616.59   14401.56
      9770.37    6052.56    6421.84    5014.54    5853.39   11801.87    6395.11   13059.81    8288.58    5528.34    8915.21    8336.34
      7939.00    9120.52    6886.50    6193.85    2657.98    4617.83    6262.99   11469.88    5322.29    8537.23    7873.09    5772.20
      3460.89    2378.27    3053.65    1576.43    1197.55    1533.67    5577.49    4961.98    6803.88    3406.18    6258.37    4284.94
      2711.35    1830.27    2438.82    2893.18   13070.39    4431.67    5891.82    6341.05    6996.61   19891.83   15488.27   10955.27
      6088.92    4755.92    7576.91    3653.14    4906.88    3390.99    8864.02   12635.79   13977.94    9220.48    8140.00   11788.21
     10848.66    8531.21    3399.41    3513.68    2963.41    3068.34    2368.05    2200.52    4464.70    5822.37    6084.81    8923.94
      3546.06    4571.41    3458.89    1803.54    1771.27    9486.60   18631.10    8012.67    4743.13   15195.49   26187.61   13286.21
      8005.66    8959.78   14082.33    9079.91   25945.55   21871.94   55775.68   21931.57   12705.01   12259.51    8970.12    5594.15
      5219.67    4534.52    4444.98    5121.39    8741.95   15155.30   10535.06   22564.21    9626.18    8888.59   10257.61    6926.46
      2802.65    6698.79    4531.69    8328.32    5443.11    3299.91    3802.38    4464.73    5040.51    2960.05    3184.81    1161.37
      1788.30    3884.02    3740.74    5939.40    5721.04    6042.64    3400.50    4727.58    6610.93    6509.15    8044.43    7688.89
      7517.32    7539.71    2711.15    7166.41   23112.22   13543.97   10359.63    7902.09    5335.34    9430.94    4842.36    3003.26
      3336.46    4165.92    3485.96    3823.56   15115.45   11481.69    4622.19    1971.36    5934.06    4956.84    3433.66    2341.26
      7921.23   11821.25    6177.78    6142.31    9849.05    2833.36    6504.90    9094.05   23698.24    9645.16    4183.72    2589.31
     13351.87    8289.90    5081.75    9765.48   10640.33   24049.86   11442.25   12137.93   15987.12   18423.60   13103.89    5801.18
      2753.55    2900.53    2152.74    2577.61    1948.18    8090.64    6220.20    5937.78    2116.97    7082.40    6333.79    7523.96
      4732.52    5435.15    6083.24    5441.80   19940.12   23738.04   16688.53   13581.31    9925.02    6281.54    6490.04    4260.70
      4344.02    7119.55    6808.87    4886.71   10577.86    8831.50   15420.24    4882.89    9226.11   18321.70    5159.84    8774.70
      3431.39   10720.44    5813.57    6041.92    9915.07   13394.70   16339.43    5722.11    3519.23    8170.55    9932.53    6607.27
     20230.12   10982.39    6033.84    3458.49    2044.86    3990.25   10192.95    4380.82    5821.28   11322.83    4645.07    3484.68
      9850.98   13443.20   10832.68    9356.19    2430.37    6520.49   12221.82    7858.36   10207.12   15166.43    9184.32    7178.04
      8579.40   16897.26    7164.87    2312.03    3175.69    8547.70    8727.39   13889.34    6285.36   26301.29   23961.84   11179.92
     12268.19   17705.37   14370.88   25018.70   16450.31    6440.59   10683.86   19064.97   20485.78   21322.78    5888.40    4632.37
      4606.71    7063.82    4963.41    6939.36    3824.95    8381.69   15770.04    3873.56    4448.54   10400.23    4313.98    3299.21
      4098.41    5620.65    6390.62    3334.80    3665.24    4196.89    8514.28    4958.14   19774.65   18122.13    6210.11    4654.94
      9774.00   15836.94    8525.10    6627.59    8057.43    8169.27   10232.47    6238.00    7233.33   20535.70    6015.78    6600.57
      5945.91    4936.10    3840.73    3007.33    7492.98    7973.34    5244.08    8738.80   11358.99   14392.98   13537.61   12866.50
      6163.09    7078.58    6505.35    3136.74    3104.80    6116.28    5762.26    2539.52    2145.42    4353.14    5985.34   13268.72
      7307.72    3574.45    2624.09    2990.12    7020.15    6851.64    9874.10    3624.96    6138.88   11185.69   10624.33    4650.57
      4229.48    2309.14    2029.10    4561.44   10535.49   13207.56    7416.82    6117.64   20080.35   23321.77    9890.70    3342.17
